file	channel	0	0.1072	0.2144	0.3215	0.4287	0.5359	0.6431	0.7503	0.8574	0.9646	1.0718	1.179	1.2862	1.3933	1.5005	1.6077	1.7149	1.8221	1.9292	2.0364	2.1436	2.2508	2.358	2.4651	2.5723	2.6795	2.7867	2.8939	3.001	3.1082	3.2154	3.3226	3.4298	3.5369	3.6441	3.7513	3.8585	3.9657	4.0728	4.18	4.2872	4.3944	4.5016	4.6087	4.7159	4.8231	4.9303	5.0375	5.1446	5.2518	5.359	5.4662	5.5734	5.6805	5.7877	5.8949	6.0021	6.1093	6.2164	6.3236	6.4308	6.538	6.6452	6.7523	6.8595	6.9667	7.0739	7.1811	7.2882	7.3954	7.5026	7.6098	7.717	7.8241	7.9313	8.0385	8.1457	8.2529	8.36	8.4672	8.5744	8.6816	8.7888	8.8959	9.0031	9.1103	9.2175	9.3247	9.4318	9.539	9.6462	9.7534	9.8606	9.9677	10.0749	10.1821	10.2893	10.3965	10.5036	10.6108	10.718	10.8252	10.9324	11.0395	11.1467	11.2539	11.3611	11.4683	11.5754	11.6826	11.7898	11.897	12.0042	12.1113	12.2185	12.3257	12.4329	12.5401	12.6472	12.7544	12.8616	12.9688	13.076	13.1831	13.2903	13.3975	13.5047	13.6119	13.719	13.8262	13.9334	14.0406	14.1478	14.2549	14.3621	14.4693	14.5765	14.6837	14.7908	14.898	15.0052	15.1124	15.2196	15.3267	15.4339	15.5411	15.6483	15.7555	15.8626	15.9698	16.077	16.1842	16.2914	16.3985	16.5057	16.6129	16.7201	16.8273	16.9344	17.0416	17.1488	17.256	17.3632	17.4703	17.5775	17.6847	17.7919	17.8991	18.0062	18.1134	18.2206	18.3278	18.435	18.5421	18.6493	18.7565	18.8637	18.9709	19.078	19.1852	19.2924	19.3996	19.5068	19.6139	19.7211	19.8283	19.9355	20.0427	20.1498	20.257	20.3642	20.4714	20.5786	20.6857	20.7929	20.9001	21.0073	21.1145	21.2216	21.3288	21.436	21.5432	21.6504	21.7575	21.8647	21.9719	22.0791	22.1863	22.2934	22.4006	22.5078	22.615	22.7222	22.8293	22.9365	23.0437	23.1509	23.2581	23.3652	23.4724	23.5796	23.6868	23.794	23.9011	24.0083	24.1155	24.2227	24.3299	24.437	24.5442	24.6514	24.7586	24.8658	24.9729	25.0801	25.1873	25.2945	25.4017	25.5088	25.616	25.7232	25.8304	25.9376	26.0447	26.1519	26.2591	26.3663	26.4735	26.5806	26.6878	26.795	26.9022	27.0094	27.1165	27.2237	27.3309	27.4381	27.5453	27.6524	27.7596	27.8668	27.974	28.0812	28.1883	28.2955	28.4027	28.5099	28.6171	28.7242	28.8314	28.9386	29.0458	29.153	29.2601	29.3673	29.4745	29.5817	29.6889	29.796	29.9032	30.0104	30.1176	30.2248	30.3319	30.4391	30.5463	30.6535	30.7607	30.8678	30.975	31.0822	31.1894	31.2966	31.4037	31.5109	31.6181	31.7253	31.8325	31.9396	32.0468	32.154	32.2612	32.3684	32.4755	32.5827	32.6899	32.7971	32.9043	33.0114	33.1186	33.2258	33.333	33.4402	33.5473	33.6545	33.7617	33.8689	33.9761	34.0832	34.1904	34.2976	34.4048	34.512	34.6191	34.7263	34.8335	34.9407	35.0479	35.155	35.2622	35.3694	35.4766	35.5838	
230210_wNT002_150uM_Noco_06_R3D_D3D.dv	ch2	4952.4595	5303.4595	5277.8853	5108.9316	5228.7271	5546.667	5686.8618	5541.2339	5325.2808	5220.8135	5089.1719	4883.6606	4741.8633	4737.9561	4831.6987	4988.6851	5114.8071	5132.7578	5135.3149	5194.249	5297.8677	5366.2422	5441.1553	5691.9971	6015.9155	6125.1333	5896.1699	5641.4717	5512.2236	5473.4531	5501.3335	5528.6401	5497.6162	5505.6641	5553.3979	5597.5029	5661.8608	5755.5664	5943.7842	6212.5679	6372.874	6345.0264	6254.1997	6254.251	6292.959	6190.5493	6006.6528	5920.8862	5974.7739	6131.0615	6258.0918	6236.8086	6150.4961	6142.7427	6233.7295	6307.8896	6321.8516	6350.6055	6440.3037	6524.5938	6604.1328	6701.3096	6771.8188	6746.9443	6710.0869	6716.3613	6740.1929	6787.7041	6768.3726	6729.8862	6727.8545	6732.5684	6852.5239	6978.5752	7030.2256	7046.6445	7015.5552	6914.2881	6792.2319	6768.4927	6848.0293	6954.8203	7009.4971	7110.9141	7154.7539	7118.2402	7060.873	7021.8008	7062.8066	7157.043	7256.4375	7318.2251	7334.3086	7267.4785	7236.5801	7281.2544	7358.7979	7470.125	7486.3486	7468.2183	7501.7822	7639.231	7772.1929	7752.5396	7666.8247	7678.8008	7800.2319	7916.2388	7952.0518	7848.0322	7620.1875	7529.8184	7595.7339	7713.4883	7730.9126	7579.5542	7420.9883	7368.9512	7430.1914	7502.0156	7549.415	7573.3594	7685.6519	7985.7759	8325.9258	8324.999	8057.0815	7744.8301	7597.1401	7640.9507	7787.0029	8050.5435	8373.0059	8659.4004	8712.085	8398.8125	7947.3921	7720.1289	7732.0898	7807.3599	7819.8145	7802.1465	7782.9995	7805.0068	7877.9702	7977.3438	8003.7227	7918.7896	7856.2832	7910.2769	7947.6079	7901.3491	7848.7856	7857.8545	7905.0742	8047.7119	8257.7793	8475.1934	8599.5459	8588.0908	8542.167	8454.9482	8404.208	8265.6787	8117.8325	8066.0884	8010.0386	7959.4121	7931.4917	7924.498	7932.96	7984.7549	8076.9702	8151.9775	8194.4727	8228.3633	8277.5947	8374.0371	8503.3018	8613.6416	8683.8994	8546.6416	8311.3184	8167.0293	8117.4399	8099.9082	8082.208	8026.3096	7983.9268	7936.042	7824.8867	7741.8213	7708.1021	7750.5439	7892.2397	8062.2056	8223.6221	8389.9346	8420.3193	8372.5684	8282.1309	8264.8145	8340.5508	8412.5684	8420.0254	8364.877	8259.5654	8155.0566	8046.2275	7962.7241	7909.374	7930.0859	8074.8394	8311.6416	8443.1064	8461.0957	8500.7822	8593.0742	8545.6904	8326.8896	8148.2622	8218.1416	8204.5498	7892.3691	7585.3994	7452.0459	7445.1367	7485.9326	7541.3989	7678.6519	7888.0679	8022.7305	7959.7231	7787.8149	7649.1631	7650.8364	7677.0752	7693.4087	7744.2749	7912.7393	8062.3818	8027.4443	7793.77	7640.1318	7716.998	8025.5542	8273.5439	8148.9458	7728.2231	7387.8442	7287.3765	7422.1631	7574.3052	7726.2588	8005.5742	8055.1113	7776.1387	7379.9688	7166.2739	7082.5845	7044.3486	6990.9248	6975.2852	6958.4702	6917.5303	6914.7871	6964.5645	6991.7632	6942.7534	6862.0869	6847.6104	6868.998	6950.7905	7076.0581	7168.0366	7292.4541	7311.9556	7071.0898	6840.6382	6716.0044	6623.6548	6601.4805	6593.6865	6575.0054	6598.1655	6591.6016	6551.3633	6474.3179	6346.1113	6179.2285	6047.5864	5978.5063	5979.8623	5905.2441	5768.5112	5746.1758	5832.0474	6052.9126	6366.7666	6592.0078	6568.7124	6384.4624	6338.5288	6387.1978	6521.7085	6673.6196	6502.272	6067.2114	5709.0176	5530.2261	5420.6465	5452.292	5670.248	5703.3516	5351.0083	5027.8931	5049.7378	5316.7124	5437.1592	5265.1143	4968.5874	4735.2231	4558.876	4430.6499	4321.0596	4200.3438	4151.9541	4227.8608	4464.6113	4781.2378	4805.7422	4632.4653	4358.8867	
230210_wNT002_150uM_Noco_06_R3D_D3D.dv	ch1	3465.8123	3472.1384	3435.2837	3475.0688	3497.1223	3477.4685	3447.8521	3431.2544	3475.8459	3621.0173	3857.4707	3930.3672	3803.675	3675.9421	3694.9993	3764.6804	3819.5632	3856.7605	3891.1138	3960.8318	4003.5891	3992.1362	3961.1709	3948.314	3957.2776	4019.2954	4109.6128	4153.6982	4147.4678	4094.5078	4055.7727	4056.1995	4128.9858	4223.6045	4225.356	4185.0425	4146.9058	4140.5557	4168.9946	4162.2852	4136.332	4179.0938	4265.0479	4374.5981	4483.4824	4610.9111	4679.1792	4614.8447	4523.0742	4476.1655	4478.8745	4491.7021	4541.7891	4636.4224	4749.3789	4876.1494	4936.5073	4949.2368	4954.2817	4987.7393	5025.0786	5026.0479	4961.7368	4929.5483	4954.0771	4986.7212	5035.4546	5116.769	5236.7749	5291.314	5256.061	5107.6377	4965.4814	4972.7202	4982.8999	4936.5889	4897.0952	4887.752	4891.0073	5003.9727	5242.8677	5378.0767	5269.8032	5075.9927	4978.3857	4959.877	5052.6099	5265.771	5450.6064	5457.0464	5321.7373	5195.1836	5110.2144	5059.3589	5073.9722	5186.1074	5387.0088	5527.2769	5460.1211	5261.2656	5134.4575	5102.938	5110.7734	5163.0483	5241.5903	5328.6729	5428.3047	5487.3726	5400.2715	5227.5376	5130.9463	5135.8491	5201.2222	5310.4121	5521.4351	5885.4736	6179.3457	6196.519	5909.9917	5598.1362	5491.5742	5443.4946	5300.8394	5146.2993	5068.644	5079.9482	5174.3179	5256.2939	5308.6724	5380.3018	5545.0576	5873.1807	6142.6523	6164.0464	5910.9146	5654.3784	5520.9824	5452.8428	5404.5181	5420.729	5427.147	5393.0391	5372.2979	5374.1367	5469.0088	5726.3433	5983.0259	5973.8149	5748.7832	5590.0728	5546.3784	5552.4214	5592.8008	5596.689	5629.873	5635.0635	5580.4565	5554.1079	5558.501	5583.1279	5647.084	5692.9165	5626.042	5458.1738	5288.7363	5244.8379	5308.5781	5492.0654	5754.7607	5878.5981	5759.4966	5551.9795	5434.6934	5481.4097	5637.5537	5722.6558	5631.4385	5468.3252	5423.2593	5499.2793	5564.2271	5604.0151	5706.189	5924.7495	6064.2114	5896.7764	5728.9507	5768.0801	5873.5894	5863.6108	5674.7646	5431.5908	5296.8789	5210.9849	5158.6216	5161.0767	5155.3755	5153.8433	5157.5176	5181.7495	5239.3848	5374.5278	5536.7148	5550.5439	5426.6436	5278.5757	5251.3599	5379.1255	5590.9316	5640.9478	5488.4434	5329.1348	5285.7881	5241.7856	5159.1465	5118.1255	5158.0889	5313.4336	5482.251	5480.002	5309.2847	5187.729	5172.415	5180.7808	5168.1367	5148.7163	5164.6309	5221.2153	5364.5	5483.311	5396.1113	5247.5649	5108.5698	5041.6562	5028.5215	5021.2515	4955.9604	4867.5098	4861.9893	4918.8003	4962.1665	4916.5249	4816.377	4767.0405	4726.353	4756.9961	4844.3667	4844.729	4779.3447	4702.5488	4652.0884	4649.0015	4658.9224	4677.0586	4637.688	4611.8916	4715.2959	4921.8657	5054.8628	4979.8843	4742.3608	4526.0103	4396.3633	4377.8633	4471.6025	4652.1357	4848.9019	4939.9351	4739.2744	4462.918	4264.9062	4133.6738	4094.0715	4134.7769	4281.7065	4495.314	4628.4556	4547.168	4392.9419	4248.1138	4106.1001	4049.9282	4051.8989	4021.4285	3959.8655	3916.8354	3835.74	3783.9216	3776.0938	3773.084	3773.9009	3788.0276	3766.5576	3716.0537	3691.177	3675.645	3646.873	3626.5691	3655.7249	3788.0171	3984.4075	4106.7939	4141.4053	4124.6904	3967.2517	3661.5378	3394.2234	3263.3755	3225.9539	3261.2947	3323.2954	3433.1941	3517.2336	3467.6294	3306.4939	3175.6641	3079.2739	3020.7395	2988.5469	2990.0525	2970.2024	2927.115	2895.9167	2850.3054	2808.2864	2777.5359	2734.2156	2721.7893	2706.2871	2680.3474	2648.0898	2631.6296	2635.0354	
230210_wNT002_150uM_Noco_07_R3D_D3D.dv	ch2	8474.6807	8470.8164	8370.9238	8230.3691	8161.3945	8173.0239	8211.4717	8200.7158	8223.2598	8268.2529	8371.916	8574.3232	8651.9355	8629.1416	8592.1318	8554.4912	8519.2168	8517.415	8474.2373	8380.4834	8408.6025	8469.6807	8489.4814	8524.4336	8574.3281	8646.4688	8805.0947	8851.5195	8739.8604	8680.3486	8707.208	8787.3564	8793.9697	8716.2031	8597.4316	8501.1416	8477.8604	8535.0186	8671.4619	8820.7256	8921.9453	8936.1729	8917.5264	9001.8066	9064.3174	9000.2842	8940.1748	8934.6494	8955.457	8958.9893	8982.6865	8978.0693	8997.6846	9086.3867	9232.8506	9220.2275	9161.7656	9180.5615	9168.5098	9042.7979	8849.874	8763.0977	8815.6387	8892.8438	8946.4111	8891.2725	8775.7998	8762.1152	8770.9229	8811.9736	8828.6543	8797.4463	8855.6826	9114.5195	9557.1973	9789.5664	9679.1289	9526.3936	9453.0869	9381.4219	9281.9189	9256.6064	9213.5742	9234.6807	9366.8818	9375.4785	9167.6602	8917.335	8753.9268	8720.998	8862.5361	9115.0518	9353.4326	9332.7637	9102.2939	8906.3955	8759.8721	8726.0742	8759.0898	8862.333	8833.2383	8650.6895	8590.2402	8690.1787	8831.9502	8915.2803	8875.751	8749.1172	8635.8682	8656.4141	8857.707	9148.0273	9294.7305	9323.7764	9241.2812	9090.624	8944.4209	8852.6445	8813.2793	8797.6113	8799.8057	8787.877	8816.2129	8830.2373	8827.2861	8871.0332	8925.1055	9111.3711	9350.0918	9452.4258	9433.4648	9375.9902	9389.3486	9498.5283	9633.3496	9544.8916	9296.4141	9112.4111	9008.9258	8962.3955	9016.4004	8989.9844	8926.1611	8913.708	8925.8564	8979.0039	9004.2588	8929.8838	8795.8623	8602.7285	8423.7354	8374.9561	8366.9902	8357.1543	8486.5645	8794.0244	9166.9814	9202.9287	8813.7705	8538.332	8634.9766	8761.3984	8863.6602	8810.7119	8702.5889	8625.8984	8641.2725	8753.7178	8792.6367	8770.9941	8750.666	8659.4414	8562.9082	8522.4482	8487.9766	8453.1865	8453.8701	8461.9102	8476.7383	8496.9668	8605.376	8877.7832	9043.6055	8922.6299	8666.0039	8482.3877	8473.5371	8540.8301	8598.4346	8709.6758	8885.623	8938.7344	8819.6064	8607.6777	8499.498	8460.5576	8412.4258	8409.6992	8444.1123	8533.9268	8660.7832	8706.0312	8664.54	8576.7754	8457.3525	8444.3613	8452.3896	8480.9521	8527.8047	8546.6465	8531.2344	8474.043	8434.2217	8466.8926	8618.6494	8799.9629	8973.3145	8937.4941	8721.1318	8542.3613	8457.5332	8463.8945	8577.0049	8712.3135	8642.6279	8531.1455	8464.1914	8481.0283	8556.8066	8579.5381	8434.4473	8228.627	8084.6133	8057.2705	8068.605	8120.3164	8210.459	8328.3398	8425.668	8391.5146	8229.002	8119.5854	8084.0073	8210.1973	8418.3945	8519.084	8374.6836	8170.936	8042.1787	7993.5684	8096.6904	8291.2295	8291.2842	8098.833	7960.2012	7983.2612	8018.4131	8018.1431	7986.6753	8031.6895	8145.3359	8292.2881	8261.9756	8145.2437	8019.502	7932.3325	7966.8921	8089.6094	8201.4785	8288.5703	8255.624	8141.0649	8084.3472	8050.7168	8047.3101	8071.3198	8146.1294	8196.1719	8111.4834	8040.269	8004.8643	8007.0151	8085.5659	8124.5806	8098.8545	8046.1318	8080.6016	8171.4229	8169.9253	8049.1021	7911.3589	7866.7183	7810.6699	7725.6836	7650.5889	7587.5195	7554.8853	7481.458	7451.6152	7522.0083	7658.7568	7772.0015	7796.1519	7704.5688	7539.4395	7511.4185	7711.6987	7897.1387	7796.5894	7566.2993	7457.5186	7351.3872	7241.168	7172.6445	7068.0938	6995.8179	6960.2998	6925.917	6900.0962	6903.8345	6870.1338	6806.3794	6763.2451	6786.499	6750.9258	6726.6274	6775.251	6872.0308	6911.9912	6862.0449	6742.3501	6529.4629	6323.7759	
230210_wNT002_150uM_Noco_07_R3D_D3D.dv	ch1	7459.9785	7318.4771	7402.2559	7636.833	7580.1011	7236.6685	7008.1118	6924.2715	6837.7227	6789.8794	6991.5059	7411.8232	7642.7349	7550.6475	7260.0527	7015.5981	7093.4053	7368.0176	7391.4351	7195.6792	7205.061	7544.8667	7835.2964	7721.332	7426.1367	7250.9937	7221.1963	7264.3052	7268.2822	7234.333	7196.0225	7162.6099	7116.3286	7136.875	7214.0361	7248.978	7193.646	7113.5762	7101.7822	7122.0967	7214.1299	7386.1279	7434.917	7352.5889	7352.3105	7636.6123	8110.082	8369.8828	8279.8652	7958.8735	7537.9624	7223.1621	7101.5889	7102.71	7114.2168	7112.8628	7125.5938	7120.8579	7163.2842	7139.8701	7088.874	7149.9722	7280.27	7497.0513	7733.9482	7746.5527	7550.6274	7394.8867	7300.1338	7266.5605	7333.2046	7476.8862	7499.5557	7352.0337	7240.7041	7258.6318	7291.167	7227.2583	7131.9233	7056.3618	7088.3979	7164.7998	7215.1108	7261.9839	7246.4595	7195.814	7150.9297	7112.2769	7092.0923	7091.8774	7087.3423	7117.5801	7266.6479	7329.9761	7263.0464	7203.2695	7177.3384	7109.3184	7071.4766	7093.1812	7106.2451	7159.9824	7199.6885	7257.2002	7376.5415	7489.5664	7470.4209	7347.9595	7317.2603	7448.9414	7588.0796	7702.7739	7950.207	8370.5186	8499.4443	8158.5063	7704.3843	7491.9551	7597.1553	7922.5391	8124.21	8115.9189	7920.2974	7514.0059	7214.3564	7045.8921	7137.3457	7391.1641	7607.3862	7722.3647	7576.4893	7343.3335	7198.1782	7140.7368	7075.4927	7030.9844	7050.4482	7070.2646	7087.729	7056.9272	7170.5571	7433.4082	7742.1328	7944.4946	7813.999	7577.4453	7379.2305	7400.6465	7678.0552	7925.2314	7957.5669	7766.0713	7492.7046	7483.6689	7773.6865	7961.8003	7904.4004	7718.4644	7382.8574	7070.144	7008.9795	7252.0859	7548.3921	7581.6885	7243.415	6967.0728	6980.1221	7171.7236	7443.3223	7735.0967	7788.5894	7715.9126	7756.4922	7853.5835	7673.2979	7359.478	7244.873	7385.707	7513.5679	7591.7705	7536.374	7388.9414	7264.9741	7263.4692	7261.1016	7243.5063	7266.2485	7297.4941	7329.0234	7448.0811	7595.4438	7663.4346	7750.8267	7845.6333	7743.8208	7521.3887	7347.8457	7388.1357	7631.5908	7876.8037	7850.5835	7532.6616	7278.7788	7263.0923	7328.5293	7295.0073	7258.9053	7360.2344	7444.9834	7404.895	7282.6968	7147.0474	7072.4214	7045.6167	7072.5957	7127.2109	7194.2437	7278.8701	7729.0039	8506.0273	8839.0059	8305.2812	7559.4541	7089.4453	6973.1577	7033.4302	7086.1074	7103.8169	7118.1768	7128.77	7161.8335	7204.5977	7251.5435	7231.1011	7123.4644	7138.1978	7327.9414	7563.3398	7805.4224	7849.8994	7573.6743	7233.1255	7037.606	7018.0156	7085.1914	7195.9805	7281.4097	7335.186	7383.3999	7473.4927	7539.2153	7498.3047	7383.8633	7297.5928	7346.2969	7461.5371	7565.6396	7610.3135	7599.5366	7588.2939	7596.0117	7623.4038	7619.7397	7590.5586	7555.5557	7546.1069	7592.9141	7657.6777	7730.1543	7876.0396	7976.2563	7984.6743	7874.8643	7612.9927	7371.3848	7245.4375	7208.8804	7220.8501	7238.0439	7272.1274	7285.2524	7254.6919	7231.1982	7219.3999	7257.0874	7379.853	7617.2251	7844.1357	7741.5684	7443.2461	7209.1406	7113.0513	7179.6719	7256.3652	7252.2236	7167.1509	7036.1514	7032.9336	7185.6567	7362.8115	7349.0083	7159.7246	7012.2051	7064.6865	7261.292	7462.2417	7448.0615	7199.1572	6999.4976	6984.7002	7146.8296	7219.9141	7074.5664	6859.8999	6655.1855	6577.6313	6717.0796	7034.1855	7229.5342	7084.3613	6748.3774	6599.0757	6801.7065	7014.3511	6920.5859	6684.7656	6620.5259	6613.3145	6500.3315	6326.354	6166.3779	6060.8916	6066.5371	
230210_wNT002_150uM_Noco_08_R3D_D3D.dv	ch2	6115.7241	5971.0596	5764.9409	5627.5547	5614.8228	5714.311	5866.6011	6119.333	6363.001	6453.0659	6412.9185	6366.2632	6386.2593	6529.2402	6727.2065	6925.7192	6970.9077	6982.2456	6994.3364	6898.0952	6767.647	6709.061	6834.5176	7088.9551	7294.0195	7458.2031	7788.9214	8165.3315	8329.7695	8169.6421	7761.9268	7380.1948	7237.3745	7395.4263	7754.8682	8141.4175	8312.6094	8277.1162	8259.0469	8276.6797	8163.5117	7956.978	7861.4937	7888.2734	8006.0864	8108.8916	8175.9629	8221.5947	8274.2324	8342.0752	8436.9805	8504.3477	8488.2715	8451.2578	8453.4561	8450.791	8437.9404	8472.7842	8414.0732	8249.5703	8126.6001	8076.0825	8088.8496	8099.3501	8173.2002	8222.0146	8229.333	8239.5977	8271.7354	8371.1758	8411.5088	8457.085	8499.9072	8541.0977	8612.0381	8620.2803	8573.7822	8607.0156	8674.6719	8744.1504	8786.7559	8834.1221	8858.4971	8846.5537	8849.9131	8875.7422	8951.6797	9025.3018	9033.9492	9005.627	9001.1152	9063.0566	9158.3926	9264.123	9245.543	9153.0713	9104.6396	9132.5557	9173.4932	9243.1133	9300.3213	9314.8867	9292.5869	9281.8516	9274.4561	9276.9619	9344.3594	9403.4893	9442.916	9554.9775	9708.2539	9756.9658	9686.5625	9548.9922	9414.6963	9381.9922	9397.0312	9424.6787	9418.418	9439.0381	9416.6201	9401.7012	9414.0596	9466.79	9537.3994	9572.4639	9694.6982	9869.501	10022.3936	10038.0273	9945.9707	9821.2002	9713.585	9626.918	9574.873	9613.5586	9619.1045	9541.8467	9422.8545	9323.3525	9268.7686	9220.9307	9165.8369	9130.0684	9140.5537	9096.8818	9032.2461	9031.5684	9099.3008	9204.9004	9302.2529	9392.6357	9456.7246	9502.0508	9523.7139	9559.6914	9435.8945	9303.4424	9197.9951	9106.2051	9100.874	9136.7334	9237.8525	9307.8115	9284.7256	9202.9316	9103.8799	9022.0371	8908.7266	8872.8984	8925.8037	8999.4092	9030.8516	8954.2285	8837.4434	8733.4766	8746.7295	8761.4121	8717.7471	8611.3975	8545.8379	8502.4502	8481.7715	8466.2441	8465.3096	8426.2158	8389.708	8470.6211	8570.6777	8628.0928	8675.1807	8744.8447	8728.6338	8663.7393	8547.252	8468.4707	8367.6992	8295.0869	8296.7588	8320.7783	8294.5	8311.3672	8287.6191	8233.1152	8222.165	8217.7041	8323.9541	8453.2695	8469.1035	8392.2227	8287.959	8228.7158	8173.5156	8101.4746	8037.9512	8084.1982	8226.6094	8377.0752	8348.3271	8214.5537	8156.0811	8187.3472	8129.7793	8028.9438	7991.8882	7930.8018	7922.8232	7956.0801	7918.749	7846.25	7823.189	7773.2881	7747.8589	7718.0142	7712.6362	7706.9375	7672.5366	7632.7866	7641.7319	7691.8188	7690.5327	7669.6958	7772.1748	7857.6729	7887.6362	7812.8013	7683.5713	7593.0508	7545.4824	7556.3594	7646.7192	7833.9863	7938.6401	7768.1802	7598.8525	7516.4751	7532.3022	7516.1919	7482.6177	7405.3804	7287.2661	7279.5503	7355.8188	7398.3306	7404.6982	7295.3301	7187.5708	7092.0732	7063.3413	7073.2148	7045.2031	7042.2695	7137.4033	7306.02	7448.0767	7494.5674	7402.0068	7240.6494	7028.7349	6851.3853	6722.8618	6645.8657	6602.3301	6617.9424	6697.9961	6754.6689	6732.0474	6650.793	6570.9419	6456.9673	6353.584	6251.5347	6182.1802	6119.0752	6024.7485	5985.2886	5988.2969	5985.5181	5970.3159	5939.3979	5910.9282	5924.2339	5973.7017	6064.7515	6123.6338	6008.2959	5784.1201	5602.2915	5480.2769	5435.0547	5425.0703	5393.2085	5327.4287	5270.6509	5216.9292	5159.3804	5158.9717	5214.7051	5298.5942	5402.1123	5430.2637	5337.2393	5203.6055	5105.7744	5047.4014	4998.0972	4945.2334	4937.6836	4908.876	4903.3491	4962.4355	5035.2593	5114.0942	
230210_wNT002_150uM_Noco_08_R3D_D3D.dv	ch1	3297.155	3283.2275	3330.9133	3388.3149	3425.1667	3462.2805	3546.5056	3684.2397	3798.2136	3831.6289	3799.2451	3747.1287	3778.7349	3916.4907	4102.3018	4207.1011	4128.3384	3959.2502	3877.1602	3897.2346	3979.8564	4122.8228	4254.2446	4272.7427	4206.4062	4180.8726	4206.1665	4202.4038	4160.9927	4142.2578	4261.0093	4473.0752	4633.9219	4644.5054	4515.8315	4411.5532	4368.3857	4343.627	4349.6084	4365.7651	4401.0117	4443.9111	4461.9888	4456.0801	4458.0645	4471.6323	4529.8843	4611.5781	4657.0356	4706.6562	4740.0225	4757.4346	4813.3804	4845.626	4839.3975	4790.6099	4710.2983	4641.4741	4620.7129	4605.2876	4565.2412	4567.1064	4607.2344	4615.6074	4601.4189	4608.2495	4608.0645	4615.3804	4623.9243	4654.6943	4718.208	4767.5195	4813.6763	4836.9551	4841.4146	4865.1597	4847.5352	4829.5215	4856.4639	4923.7612	5011.6201	5111.855	5235.0874	5289.8081	5237.3037	5141.5146	5082.3457	5080.4224	5102.5005	5096.8457	5100.8442	5116.0532	5112.8735	5148.6934	5171.8696	5187.8579	5264.2192	5318.9795	5316.5728	5294.3643	5250.3154	5284.5435	5438.5806	5651.8179	5793.0386	5804.7788	5686.4668	5525.2134	5452.3071	5441.5547	5448.4355	5492.5381	5654.0078	5901.1792	6029.8379	5933.3325	5883.269	5977.8833	6007.4541	5858.7612	5684.1899	5613.2251	5587.646	5626.3638	5639.8594	5579.5923	5516.4307	5469.4277	5465.6528	5473.1431	5480.8774	5513.2139	5511.0771	5491.7319	5507.813	5547.7246	5614.5581	5839.873	6095.7847	6188.9282	6137.1284	5987.835	5836.4727	5695.7402	5647.2598	5615.1162	5525.0679	5467.8569	5444.7949	5426.4111	5442.1035	5479.6245	5573.0293	5754.8862	5991.1475	6123.3447	6103.9321	6033.8706	6070.3408	6096.5078	5979.8389	5800.8018	5729.7402	5706.5479	5674.0508	5630.2803	5663.4517	5822.4644	6103.6074	6266.7007	6154.7109	5932.502	5837.1836	5967.8047	6142.0474	6118.9209	5894.3252	5758.4951	5875.3247	6108.7417	6223.2246	6126.8687	6042.6226	6077.8516	6145.7275	6014.6001	5746.8945	5542.9546	5503.0879	5577.7363	5710.2676	5878.9321	5931.0044	5798.7817	5602.3521	5482.8066	5497.5967	5646.4033	5973.2969	6388.022	6536.2534	6256.3442	5903.3945	5872.0537	6250.4756	6792.8701	7011.1147	6714.4565	6320.6284	6021.0586	5794.1348	5693.4355	5816.5786	6033.9639	6092.4844	5977.9019	5881.479	5900.4453	5913.2803	5843.6743	5762.4531	5748.5938	5822.4575	5953.9053	6009.313	5916.6372	5793.2681	5735.7388	5719.3047	5684.771	5672.9702	5675.2485	5693.7939	5672.293	5621.8486	5563.1021	5578.8804	5635.52	5694.1685	5712.145	5667.938	5661.3862	5707.0942	5724.0933	5648.5884	5579.4375	5587.751	5617.5269	5631.7778	5685.856	5848.9346	6115.6826	6359.2339	6350.0552	6094.9937	5923.5693	5905.7266	5858.9785	5784.0771	5681.9854	5587.3584	5615.7871	5785.9482	5957.5454	6046.8633	5963.8896	5856.7319	5719.8711	5543.1982	5423.6792	5357.3945	5373.6748	5430.9678	5474.2397	5585.9595	5796.6812	5942.917	5922.4663	5747.5962	5489.5498	5260.6846	5112.2705	5060.4395	5031.0249	5054.3428	5144.1948	5275.1523	5469.3965	5674.1958	5675.7007	5392.4028	5150.0659	5022.6143	4919.4697	4844.5269	4815.8228	4785.4429	4766.2373	4743.8408	4686.6978	4643.104	4630.6943	4640.9482	4671.3516	4658.9702	4617.6582	4569.6992	4529.3345	4543.1982	4635.9331	4748.8945	4840.3779	4829.0293	4695.4575	4528.3267	4416.1309	4331.0942	4282.3345	4220.5542	4183.0786	4183.854	4202.9136	4264.8911	4364.4878	4397.3521	4322.1396	4187.0791	4040.4822	3943.9597	3999.4963	4184.1406	4330.0508	4234.5312	
230210_wNT002_150uM_Noco_09_R3D_D3D.dv	ch2	5431.2778	5503.9707	5579.248	5586.7998	5585.7612	5615.0049	5658.1479	5687.8374	5711.4819	5747.8633	5755.8325	5747.6353	5722.9995	5676.2148	5683.2993	5762.958	5868.9038	5948.4536	5975.981	6010.6045	6000.5068	5971.917	5983.6309	5996.9502	5979.6699	5914.7139	5805.1714	5782.1333	5829.7773	5923.8594	5998.2529	5986.2622	5933.9902	5859.8911	5820.0996	5823.041	5827.4048	5804.7744	5818.7646	5860.1299	5900.8203	5986.0542	6091.4487	6138.6982	6157.9102	6153.0737	6206.8726	6240.4067	6187.0132	6165.6567	6201.813	6244.481	6301.1416	6322.0015	6235.7461	6128.7549	6102.3384	6145.9873	6259.2446	6319.5898	6263.2393	6120.8242	6089.0122	6122.4741	6131.8823	6127.792	6089.9922	6083.7397	6174.3555	6287.5601	6359.5171	6386.356	6385.3037	6384.248	6370.6313	6430.043	6473.3535	6478.7207	6375.7178	6244.4238	6164.457	6168.5112	6201.5742	6266.1343	6315.499	6331.8135	6372.9868	6398.0591	6357.5376	6342.0991	6355.1636	6380.8818	6449.3501	6488.6528	6490.1597	6435.3384	6392.4429	6388.4756	6374.7734	6371.9302	6387.3823	6357.0811	6272.6353	6247.4248	6241.7441	6237.4077	6285.4341	6359.001	6390.8628	6377.5552	6361.8413	6376.2539	6354.7793	6335.2261	6329.2905	6333.9648	6356.0474	6430.0234	6496.4604	6500.417	6498.1885	6500.0571	6514.5303	6591.6147	6704.4082	6766.3174	6722.2227	6579.9761	6445.7656	6417.6426	6435.269	6426.7798	6398.4097	6382.6572	6416.5688	6558.2617	6704.8525	6833.6445	6784.6709	6697.6948	6629.1899	6537.186	6496.0557	6518.5815	6527.9258	6511.5723	6495.0996	6476.2739	6520.7642	6612.9199	6709.481	6738.9019	6695.3799	6672.1763	6707.6782	6785.7686	6897.6558	7027.9634	7107.8403	7135.1909	7130.9673	7114.7949	7039.5708	6919.4795	6786.3359	6717.1001	6678.4248	6658.54	6662.2524	6671.6519	6700.2329	6769.2017	6849.4473	6939.9287	6971.6587	6924.5996	6838.2725	6786.2314	6768.2363	6751.9668	6728.4795	6748.1885	6766.5039	6785.2959	6847.8701	6901.6777	6914.083	6891.3452	6877.0801	6864.2202	6886.5615	6933.7803	6979.6333	6996.3452	7028.5581	7069.8047	7083.0303	7014.0762	6906.2998	6797.3521	6801.8174	6874.5166	6909.1387	6912.2212	6919.4233	6902.229	6865.6768	6812.5679	6785.0933	6797.7183	6842.3936	6911.3052	7045.1016	7176.0293	7278.8887	7234.2021	7074.1973	6962.105	6900.8364	6834.2251	6757.9038	6751.6328	6745.0532	6777.4082	6816.1704	6851.9111	6913.8081	6956.1743	6937.7295	6907.7988	6950.2192	7034.8999	7122.2729	7132.5811	7107.5322	7026.8716	6886.936	6837.3931	6877.8696	6971.9307	6985.0483	6994.1812	7037.2827	7169.0205	7226.4673	7192.6626	7054.0869	6880.0942	6812.5488	6752.7876	6694.0044	6671.3247	6669.3003	6667.7207	6658.4634	6671.0059	6712.4595	6791.0522	6864.4165	6851.5596	6764.5786	6680.5649	6627.9023	6609.3525	6612.6221	6552.8179	6488.7495	6479.9414	6481.6807	6485.7915	6480.4326	6482.0337	6541.4258	6674.8115	6767.3198	6742.6553	6674.2139	6592.3984	6520.2549	6473.0024	6519.0117	6601.2349	6683.1768	6732.9326	6602.0503	6415.2007	6369.1411	6403.5	6485.3936	6524.0693	6440.3159	6306.3145	6174.9668	6163.6367	6335.2349	6563.9185	6645.9229	6494.4282	6273.1875	6189.0508	6317.2905	6464.1479	6425.7017	6277.2524	6096.9009	5996.5508	6025.8989	6110.1436	6143.0044	6162.9897	6180.8438	6162.082	6112.5762	6091.4272	6159.9302	6209.4443	6170.7427	6062.0088	5951.5898	5886.5557	5864.2622	5867.2993	5880.6572	5878.271	5910.1777	5961.1343	6061.7305	6099.9292	5983.4863	5804.3633	5674.9761	5655.2368	5759.0576	
230210_wNT002_150uM_Noco_09_R3D_D3D.dv	ch1	6744.3857	6772.7051	6715.1846	6571.0552	6398.9858	6328.1006	6383.0391	6411.9565	6452.3779	6505.8125	6552.9331	6639.4351	6705.5322	6751.1338	6766.9312	6747.0308	6763.5122	6814.377	6920.9893	7013.2075	7025.6396	6945.2544	6854.0288	6817.9136	6837.0967	6871.0049	6944.1416	6988.4678	6958.0586	6989.8242	7075.0728	7129.8882	7050.4927	6885.0649	6767.1572	6728.5029	6791.6021	6848.4248	6990.4355	7107.0947	7093.3867	7037.7891	6983.0532	6940.1147	6934.0093	6930.0688	6905.0664	6846.3779	6788.311	6735.9976	6695.3652	6681.29	6725.0586	6824.0854	6961.7451	7015.8623	6980.1504	6888.2725	6817.5933	6843.8267	6928.1655	6956.7339	6969.4399	6922.2007	6854.7725	6758.3311	6710.1396	6724.04	6748.6079	6798.6279	6929.5684	7022.4731	6977.4404	6890.7266	6801.394	6727.2783	6675.3408	6734.9087	6815.5347	6812.8418	6803.291	6796.7212	6760.4458	6781.0938	6909.7231	7122.6768	7206.498	7111.5767	6928.9541	6797.4014	6743.2212	6697.4272	6696.9458	6682.8413	6693.9688	6715.8369	6749.0752	6758.9932	6774.1396	6703.1831	6591.2539	6516.5508	6553.5298	6574.8643	6529.7769	6506.1069	6583.0967	6755.3955	6923.9629	7060.7046	7084.0122	6988.2271	6865.207	6786.7925	6746.5781	6749.6714	6778.4751	6766.0396	6758.0562	6730.2036	6691.4751	6646.0479	6654.1348	6736.752	6876.208	7084.6958	7187.2998	7170.8535	7096.2925	6951.3936	6911.2739	7038.0518	7163.7661	7157.3633	7024.0723	6891.0957	6791.8042	6729.084	6709.4526	6724.5474	6792.4019	6809.1245	6804.0498	6758.1416	6664.5732	6595.0942	6619.6035	6721.2661	6827.4209	6975.6484	7003.7812	6899.3726	6733.9243	6612.8481	6527.2324	6475.1147	6488.8013	6578.769	6648.6284	6649.5386	6625.9873	6587.3042	6586.3955	6612.4551	6649.1558	6780.7471	7045.3218	7271.126	7237.5454	7004.2368	6811.1006	6754.8281	6819.9854	6955.2065	7127.5508	7218.9272	7100.5098	6963.0396	6901.8081	6925.4399	6933.9082	6920.3159	6870.2539	6797.0581	6793.6304	6887.8809	7076.064	7231.4917	7198.4702	7023.291	6837.0361	6733.3887	6792.1602	6888.9575	6922.4346	6829.3726	6739.1265	6717.375	6668.8325	6595.8335	6554.2227	6641.0859	6757.5	6822.0684	6880.7905	6888.4028	6865.6787	6847.2285	6845.2466	6793.4224	6774.4023	6771.1567	6775.7822	6851.292	7052.3721	7310.647	7379.5029	7219.5649	6961.4106	6803.354	6837.4731	6940.2944	7044.1836	7084.2471	7011.4106	6879.7124	6804.5498	6767.5229	6718.334	6704.9062	6768.7222	6920.9102	7145.8018	7343.8823	7380.1777	7339.8477	7306.96	7212.4434	7072.5308	6910.8921	6807.96	6812.8784	6850.4121	6904.2954	6926.5469	6911.5405	6841.9199	6808.4131	6819.9214	6852.0728	6887.7808	6923.9512	6918.5742	6868.7026	6812.7773	6844.7129	6910.7466	6959.9355	6957.9819	6861.8804	6756.9775	6705.9912	6753.1904	6865.7007	6990.438	7091.7173	6977.9351	6787.0283	6673.8584	6654.5669	6663.1465	6619.9238	6557.2178	6531.5278	6574.1162	6592.8662	6552.4302	6541.4702	6649.7983	6774.3662	6831.3428	6783.1611	6643.0801	6514.3247	6515.376	6685.2603	6853.5688	6864.9341	6774.7358	6664.7505	6621.2202	6638.1504	6565.644	6459.2285	6373.2061	6297.2861	6265.8228	6246.2671	6216.7378	6243.8374	6402.5547	6644.1792	6793.9639	6803.6431	6723.9385	6630.2031	6574.2778	6496.9219	6437.8633	6321.0342	6219.3711	6205.9956	6186.2515	6169.6694	6177.0078	6123.2729	6006.9136	5893.3457	5847.7744	5856.6235	5957.7939	6051.125	6040.2725	5989.5562	5925.6328	5845.0317	5772.7188	5687.4072	5654.4497	5655.7056	5686.8667	5722.1011	5725.606	
230210_wNT002_150uM_Noco_11_R3D_D3D.dv	ch2	8338.3047	8219.1162	8260.5654	8376.0576	8423.3916	8473.7393	8562.7393	8846.5361	9299.3916	9582.0723	9440.2607	8959.2754	8692.8115	8654.8555	8620.8262	8612.6523	8784.1309	8918.333	8862.667	8793.333	8835.4492	8990.9277	9250.1592	9423.0723	9589.6084	9632.1738	9500.4199	9360.1445	9277.4492	9253.29	9201.8984	9219.2178	9231.6816	9325.333	9364.0439	9429.0146	9597.9277	9668.3477	9456.3184	9331.2314	9407.1738	9644.1309	9769.7822	9642.4639	9438.4199	9329.2031	9322.9854	9374.1016	9463.0576	9443.8555	9422.3477	9389.2031	9379.5068	9424.3623	9412.5215	9386.0146	9368.1445	9538	9933.8838	10280.9424	10415.5361	10185.2461	9921.4062	9911.5215	9994.4062	10077.7969	10251.6084	10453.29	10484.9424	10282.9561	9933.6523	9611.3916	9499.8115	9650.29	9977.1162	10240.9131	10342.5801	10263.5801	10151.9131	10005.2607	9885.4062	9747.0146	9715.2754	9756.7246	9866.8984	9821.5654	9694.9424	9699.3047	9820.9854	9967.7539	10086	10116.3916	10019.2607	9761.4639	9539.3477	9563.0576	9755.2461	9952.7393	9988.9561	9780.667	9535.29	9516.8115	9670.6816	9807.8115	9791.8838	9855.4492	10001.5215	10217.377	10338.3184	10194.3623	9876.6523	9598.8115	9476.5654	9509.1738	9569.377	9718.7539	10003.1592	10238.8555	10224.1162	9940.4639	9547.2314	9285.4062	9210.0576	9239.9131	9269.9131	9357.6816	9483.8838	9785.1885	10184	10390.9707	10327.2031	10112.6523	9956.3916	9825.8984	9611.9854	9416.9854	9301.377	9210.5508	9168.2607	9206.5068	9190.6377	9100.6953	9131.8984	9296.9277	9506.5215	9660.9277	9586.1445	9299.0439	9021.4932	8980.4932	9141.5938	9392.1445	9471.4346	9542.1445	9786.7246	9946.2178	9837.333	9571.9707	9326.4785	9218.9131	9118.0293	8900.623	8700.9854	8568.1445	8501.2178	8505	8493.8408	8575.29	8762.3047	9000.9854	9060.8691	8875.9854	8741.8555	8670.3477	8671.1162	8621.8262	8423.9424	8257.6523	8182.3623	8227.0146	8404.0869	8525.333	8583.2461	8625.71	8631.1738	8522.3477	8297.2314	8134.5073	8094.855	8153.1738	8199.7822	8314.2754	8434.4785	8666.3047	8882.4639	8913.2461	8757.7969	8633.0723	8519.9424	8474.2031	8511.1309	8437.7539	8236.4199	8122.1738	8121.0723	8128.29	8120.5942	8178.3477	8321.0723	8387.7539	8386.8838	8326.3477	8166.0288	8019.5796	8001.4346	8072.7969	8248.8691	8423.9707	8526.6084	8564.333	8408.2178	8332.9277	8325.1162	8299.5654	8150.377	7941.478	7804.6089	7737.7534	7741.2607	7749.478	7859	7957.478	8009.9854	8059.4927	7978.0869	7936.9565	7920.5942	7899.6089	7852.855	7899.2319	8014.1885	8166.8696	8333.0576	8245.2178	7991.3188	7858.29	7815.8262	7900.0581	7991.1738	8149.8262	8258.667	8311.3623	8248.3477	8069.855	7867.6089	7670.6523	7635.5654	7660.0435	7778.1592	7876.7246	7909.29	7917.1304	7894.478	7904.9277	7955.1738	7956.6377	7973.9131	7847.2607	7757.3911	7803.5508	7985.3623	8005.2466	7902.9854	7782.0869	7674.2466	7649.1592	7654.0146	7641.0869	7634.522	7659	7733.3623	7728.2031	7709.377	7630.8262	7624.1738	7628.7969	7686.7827	7786.8696	7703.4346	7602.8115	7668.5654	7771.7393	7722.6089	7587	7492.478	7430.2466	7438.7246	7394.8843	7363.4204	7312.4639	7241.3911	7275.4639	7326.4346	7372.3188	7413.522	7359.8115	7304.145	7410.9131	7587.5796	7588	7439.6958	7289.5361	7235.522	7249.2754	7235.4927	7239.9419	7217.6665	7112.7827	7035.8262	6971.6089	6942.5361	6951.5508	6893.0581	6869.2031	6827.6377	6736.4492	6725.4639	6773.9854	6802.9131	6804.3042	6722.145	6674.8408	6658.3623	
230210_wNT002_150uM_Noco_11_R3D_D3D.dv	ch1	5696.0435	5680.6812	5652.7681	5609.8843	5573.9712	5567.4927	5555.2319	5578.2466	5632	5746.3042	5808.8984	5827.8408	5824.3335	5805.522	5854.7246	5906.0288	5943.3477	5995.4058	6047.3188	6106.8696	6201.7246	6240.6958	6133.1738	6004.71	5918.0146	5942.9419	6023.9419	6200.2031	6298.5508	6299.2754	6152.5942	6040.522	6070.7393	6131.6377	6197.2466	6326.5796	6422.1592	6535.3623	6569.9131	6583.5796	6541.4058	6506.5942	6463.4204	6463.2607	6443.5654	6407.5796	6438.3042	6488.9565	6566.3188	6491.522	6355.6089	6293.377	6303.145	6372.5654	6414.1738	6406.6523	6446.7393	6567.5073	6738.2466	6822.522	6760.1304	6690.3477	6692.1885	6744.9131	6747.478	6714.3335	6693.4346	6668.6665	6618.6958	6592.6377	6549.71	6616.8984	6778.6812	6899.145	6795.71	6694.377	6609.7681	6564.2754	6642.7969	6828.0869	7153.2031	7310.6089	7137.855	6867.4927	6671.3623	6608.5942	6692.1885	6850.8696	7093.623	7276.6089	7279.1738	7112.855	6858.8115	6592.623	6445.1738	6463.478	6579.0723	6761.9712	6778.6089	6650.2466	6488.2466	6418.0288	6592.1304	6909.9419	7252.7827	7405.0146	7273.3911	7118.9131	7030.4492	6920.7827	6780.9277	6667.0581	6574.0869	6560.3477	6618.29	6643.145	6634.1304	6622.9277	6639.6523	6739.9712	6850.1885	6937.6665	6870.5942	6741.0581	6597.3042	6480.71	6441	6534.9565	6717.0435	6811.3911	6727.8843	6643.6523	6580.1016	6562.4346	6592.9277	6558.1157	6486.6523	6448.0869	6398.377	6393.7393	6430.8984	6453.2031	6515.3623	6582.0146	6623.2466	6617.1885	6635.3623	6576.7246	6541.5361	6566.1738	6573.7393	6626.377	6710.7393	6812.6089	6785.0146	6690.8115	6753.4927	6945.6958	7277.8408	7462.8408	7329.5654	7065.7393	6814.8408	6586.7246	6469.0435	6528.8408	6700.1592	6851.855	6833.1738	6717.6812	6652.8115	6684.145	6697.3623	6668.522	6610.9565	6651.4204	6731	6737.7393	6646.522	6550.3188	6559.3042	6670.4058	6912.9712	7108.29	7056.8843	6933.1016	6788.29	6687.1157	6714.8984	6767.7827	6927.7246	7075.0146	7028.3911	6879.4927	6700.478	6680.377	6814.7969	7010.3623	7091.0581	7051.145	6908.2319	6821.522	6755.0435	6706.377	6720.3623	6698.4492	6652.1304	6638.4492	6738.8984	6955.0146	7067.1738	6996.7827	6787.6812	6633.4204	6552.9565	6556.8984	6639.4204	6745.5654	6839.1016	6833.7681	6827.0581	6867.1157	6937.0581	7055.6665	7117.3042	7113.7534	7070.9565	7076.478	7134.2607	7175.377	7112.9131	6998.6089	6930.855	6971.5796	7028.0869	7191.1304	7422.6089	7514.2319	7423.0869	7281.623	7134.3335	7008.71	6956.6523	6989.7681	7061.9854	7035.5508	6944.8115	6842.5508	6806.8696	6851.855	6919.522	7073.71	7258.7393	7471.7534	7576.1885	7477.71	7283.3188	7235.7969	7296.6812	7232.8262	7070.478	6988.9565	6926.4346	6840.522	6860.8843	6903.8408	6892.7681	6856.1592	6900.3623	6968.5654	7049.6665	7062.2466	7047.145	7020.7393	6977.1304	6876.4204	6755.3477	6736.0869	6801.8843	6873.8408	7031.9712	7139.4204	7175.8984	7120.1738	7014.478	6973.3042	6923.3911	6981.522	7116.2754	7198.7534	7069.2173	6984.2031	6948.29	7046.8696	7161.377	7131.6958	7075.71	7032.9131	7021.2031	7072.0581	7081.2754	7069.9565	7041.4346	7071.8115	7098.478	7132.1016	7188.1157	7220.7393	7281.7969	7238.4492	7116.9277	6938.855	6704.3623	6639.9419	6609.2173	6489.1157	6525	6607.0435	6754.0869	6841.623	6745.3188	6594.2466	6481.2319	6450.6523	6459.6089	6421.7969	6431.9131	6392.9565	6336.0435	6393.29	6698.8115	6977.4204	6863.2173	
